nCities:12

!Numbers in red next to nodes are annual operating fixed cost  if a warehouse is located in that city.
FixedCost:[100, 200, 130, 150, 225, 175, 190, 210, 165, 230, 125, 215]

!Numbers in boxes next to nodes are annual demands 
Demand:[15, 10, 12, 18, 5, 24, 11, 16, 13, 22, 19, 20]

Distance:[0 15 9999999 9999999 24 9999999 18 9999999 9999999 9999999 9999999 9999999
15 0 22 9999999 9999999 9999999 9999999 9999999 9999999 9999999 9999999 9999999
9999999 22 0 18 16 9999999 9999999 9999999 29999999 9999999 9999999 9999999
9999999 9999999 18 0 9999999 12 9999999 9999999 9999999 9999999 9999999 9999999
24 9999999 16 9999999 0 9999999 25 12 24 9999999 9999999 9999999
9999999 9999999 9999999 12 9999999 0 9999999 12 9999999 9999999 9999999 22
18 9999999 9999999 9999999 25 9999999 0 15 9999999 22 9999999 9999999
9999999 9999999 9999999 9999999 12 15 9999999 0 39999999 9999999 25 9999999
9999999 9999999 29999999 9999999 24 12 39999999 9999999 0 9999999 19 19
9999999 9999999 9999999 9999999 9999999 9999999 22 9999999 9999999 0 19 9999999
9999999 9999999 9999999 9999999 9999999 9999999 9999999 25 19 19 0 21
9999999 9999999 9999999 9999999 9999999 22 9999999 9999999 19 9999999 21 0]

TransportCost:0.35


!No me corre y no se entonces lo puse como el profe :(
    
Ciudades:[1 2 3 4 5 6 7 8 9 10 11 12]

Demanda:[
(1) 15
(2) 10
(3) 12
(4) 18
(5) 5
(6) 24
(7) 11
(8) 16
(9) 13
(10) 22
(11) 19
(12) 20
]

Distancia:[
(1 2) 15
(1 5) 24
(1 7) 18
(2 3) 22
(3 4) 18
(3 5) 16
(3 9) 20
(4 6) 12
(5 7) 25
(5 8) 12
(5 9) 24
(6 9) 12
(6 12) 22
(7 8) 15
(7 10) 22
(8 9) 30
(8 11) 25
(9 11) 19
(9 12) 19
(11 12) 21
]